dt = 0.000010
Temps;Energie
0.000000;131.460731
0.100000;131.460781
0.200000;131.461241
0.300000;131.460923
0.400000;131.460811
0.500000;131.460770
0.600000;131.460753
0.700000;131.460746
0.800000;131.460741
0.900000;131.460739
1.000000;131.460738
1.100000;131.460737
1.200000;131.460736
1.300000;131.460736
1.400000;131.460735
1.500000;131.460735
1.600000;131.460735
1.700000;131.460735
1.800000;131.460735
1.900000;131.460734
2.000000;131.460734
2.100000;131.460734
2.200000;131.460734
2.300000;131.460734
2.400000;131.460734
2.500000;131.460734
2.600000;131.460734
2.700000;131.460734
2.800000;131.460734
2.900000;131.460734
3.000000;131.460734
3.100000;131.460734
3.200000;131.460734
3.300000;131.460734
3.400000;131.460733
3.500000;131.460733
3.600000;131.460733
3.700000;131.460733
3.800000;131.460732
3.900000;131.460732
4.000000;131.460731
4.100000;131.460729
4.200000;131.460726
4.300000;131.460719
4.400000;131.460704
4.500000;131.460703
4.600000;131.460828
4.700000;131.460740
4.800000;131.460768
4.900000;131.460751
5.000000;131.460743
5.100000;131.460739
5.200000;131.460737
5.300000;131.460736
5.400000;131.460736
5.500000;131.460735
5.600000;131.460735
5.700000;131.460735
5.800000;131.460735
5.900000;131.460734
6.000000;131.460734
6.100000;131.460734
6.200000;131.460734
6.300000;131.460734
6.400000;131.460734
6.500000;131.460734
6.600000;131.460734
6.700000;131.460734
6.800000;131.460734
6.900000;131.460734
7.000000;131.460734
7.100000;131.460734
7.200000;131.460734
7.300000;131.460734
7.400000;131.460734
7.500000;131.460734
7.600000;131.460734
7.700000;131.460734
7.800000;131.460734
7.900000;131.460733
8.000000;131.460733
8.100000;131.460733
8.200000;131.460733
8.300000;131.460733
8.400000;131.460732
8.500000;131.460731
8.600000;131.460730
8.700000;131.460728
8.800000;131.460723
8.900000;131.460713
9.000000;131.460694
9.100000;131.460823
9.200000;131.460553
9.300000;131.460776
9.400000;131.460759
9.500000;131.460746
9.600000;131.460741
9.700000;131.460738
9.800000;131.460737
9.900000;131.460736
10.000000;131.460735
