dt = 0.000010
Temps;Energie
0.000000;5.018461
0.100000;5.017151
0.200000;5.019057
0.300000;5.018992
0.400000;5.018789
0.500000;5.018629
0.600000;5.018512
0.700000;5.018524
0.800000;5.018591
0.900000;5.018411
1.000000;5.018556
1.100000;5.018512
1.200000;5.018444
1.300000;5.018407
1.400000;5.018526
1.500000;5.018431
1.600000;5.018458
1.700000;5.018526
1.800000;5.018473
1.900000;5.018421
2.000000;5.018442
2.100000;5.018428
2.200000;5.018491
2.300000;5.018436
2.400000;5.018494
2.500000;5.018455
2.600000;5.018466
2.700000;5.018413
2.800000;5.018403
2.900000;5.018444
3.000000;5.018471
3.100000;5.018359
3.200000;5.018433
3.300000;5.018413
3.400000;5.018348
3.500000;5.018564
3.600000;5.018267
3.700000;5.018392
3.800000;5.018442
3.900000;5.018259
4.000000;5.018651
4.100000;5.018492
4.200000;5.018540
4.300000;5.018538
4.400000;5.018483
4.500000;5.018379
4.600000;5.018296
4.700000;5.018211
4.800000;5.019308
4.900000;5.017445
5.000000;5.018536
5.100000;5.018449
5.200000;5.018978
5.300000;5.018477
5.400000;5.018614
5.500000;5.018513
5.600000;5.018493
5.700000;5.018527
5.800000;5.018518
5.900000;5.018415
6.000000;5.018471
6.100000;5.018508
6.200000;5.018479
6.300000;5.018450
6.400000;5.018432
6.500000;5.018421
6.600000;5.018451
6.700000;5.018474
6.800000;5.018379
6.900000;5.018409
7.000000;5.018441
7.100000;5.018425
7.200000;5.018674
7.300000;5.018175
7.400000;5.018345
7.500000;5.018800
7.600000;5.018109
7.700000;5.018573
7.800000;5.018546
7.900000;5.018557
8.000000;5.018489
8.100000;5.018380
8.200000;5.018416
8.300000;5.018765
8.400000;5.018307
8.500000;5.018526
8.600000;5.018419
8.700000;5.018299
8.800000;5.018378
8.900000;5.018778
9.000000;5.018337
9.100000;5.018668
9.200000;5.018529
9.300000;5.018398
9.400000;5.018484
9.500000;5.018011
9.600000;5.018426
9.700000;5.018365
9.800000;5.018819
9.900000;5.018187
10.000000;5.018602
10.100000;5.018539
10.200000;5.018410
10.300000;5.018247
10.400000;5.019345
10.500000;5.018416
10.600000;5.018510
10.700000;5.018401
10.800000;5.018448
10.900000;5.018445
11.000000;5.018535
11.100000;5.018197
11.200000;5.018732
11.300000;5.018567
11.400000;5.018444
11.500000;5.018306
11.600000;5.018161
11.700000;5.019337
11.800000;5.018225
11.900000;5.018719
12.000000;5.018575
12.100000;5.018465
12.200000;5.018367
12.300000;5.018329
12.400000;5.018509
12.500000;5.018728
12.600000;5.018401
12.700000;5.018618
12.800000;5.018503
12.900000;5.018405
13.000000;5.018425
13.100000;5.018430
13.200000;5.018279
13.300000;5.019007
13.400000;5.018259
13.500000;5.018530
13.600000;5.018544
13.700000;5.018397
13.800000;5.018410
13.900000;5.018382
14.000000;5.018748
14.100000;5.018362
14.200000;5.018487
14.300000;5.018415
14.400000;5.018335
14.500000;5.018569
14.600000;5.018423
14.700000;5.018362
14.800000;5.018563
14.900000;5.018503
15.000000;5.018916
15.100000;5.018495
15.200000;5.018545
15.300000;5.018433
15.400000;5.018369
15.500000;5.018547
15.600000;5.018100
15.700000;5.018498
15.800000;5.018622
15.900000;5.018494
16.000000;5.018561
16.100000;5.018513
16.200000;5.018470
16.300000;5.018470
16.400000;5.018409
16.500000;5.018437
16.600000;5.018557
16.700000;5.018397
16.800000;5.018470
16.900000;5.018456
17.000000;5.018493
17.100000;5.018482
17.200000;5.018446
17.300000;5.018427
17.400000;5.018434
17.500000;5.018474
17.600000;5.018381
17.700000;5.018456
17.800000;5.018474
17.900000;5.018451
18.000000;5.018410
18.100000;5.018426
18.200000;5.018646
18.300000;5.018300
18.400000;5.018533
18.500000;5.018493
18.600000;5.018438
18.700000;5.018537
18.800000;5.018499
18.900000;5.018472
19.000000;5.018446
19.100000;5.018415
19.200000;5.018428
19.300000;5.018524
19.400000;5.018395
19.500000;5.018378
19.600000;5.018469
19.700000;5.018532
19.800000;5.018486
19.900000;5.018475
20.000000;5.018482
20.100000;5.018486
20.200000;5.018392
20.300000;5.018409
20.400000;5.018500
20.500000;5.018094
20.600000;5.018515
20.700000;5.018403
20.800000;5.018448
20.900000;5.018486
21.000000;5.018502
21.100000;5.018496
21.200000;5.018448
21.300000;5.018258
21.400000;5.018621
21.500000;5.018006
21.600000;5.018607
21.700000;5.018496
21.800000;5.018598
21.900000;5.018395
22.000000;5.018423
22.100000;5.018471
22.200000;5.018539
22.300000;5.018456
22.400000;5.018541
22.500000;5.018493
22.600000;5.018504
22.700000;5.018444
22.800000;5.018432
22.900000;5.018340
23.000000;5.018464
23.100000;5.018512
23.200000;5.018482
23.300000;5.018191
23.400000;5.018461
23.500000;5.018437
23.600000;5.018540
23.700000;5.018545
23.800000;5.018476
23.900000;5.018506
24.000000;5.018485
24.100000;5.018366
24.200000;5.018527
24.300000;5.018322
24.400000;5.018505
24.500000;5.018584
24.600000;5.018475
24.700000;5.018483
24.800000;5.018497
24.900000;5.018427
25.000000;5.018406
25.100000;5.018426
25.200000;5.018578
25.300000;5.018321
25.400000;5.018479
25.500000;5.018825
25.600000;5.018347
25.700000;5.018551
25.800000;5.018451
25.900000;5.018584
26.000000;5.018437
26.100000;5.018412
26.200000;5.018587
26.300000;5.018313
26.400000;5.018510
26.500000;5.018337
26.600000;5.018510
26.700000;5.018451
26.800000;5.018408
26.900000;5.018385
27.000000;5.018431
27.100000;5.018548
27.200000;5.018393
27.300000;5.018843
27.400000;5.018383
27.500000;5.018540
27.600000;5.018458
27.700000;5.018466
27.800000;5.018506
27.900000;5.018523
28.000000;5.018405
28.100000;5.018479
28.200000;5.018444
28.300000;5.018400
28.400000;5.018407
28.500000;5.018518
28.600000;5.018460
28.700000;5.018433
28.800000;5.018468
28.900000;5.018347
29.000000;5.018594
29.100000;5.018450
29.200000;5.018535
29.300000;5.018440
29.400000;5.018469
29.500000;5.018420
29.600000;5.018494
29.700000;5.018572
29.800000;5.018411
29.900000;5.018637
30.000000;5.018328
30.100000;5.018468
30.200000;5.018565
30.300000;5.018352
30.400000;5.018438
30.500000;5.018460
30.600000;5.018442
30.700000;5.018593
30.800000;5.018164
30.900000;5.018585
31.000000;5.018522
31.100000;5.018522
31.200000;5.018431
31.300000;5.018633
31.400000;5.018357
31.500000;5.018488
31.600000;5.018434
31.700000;5.018417
31.800000;5.018512
31.900000;5.018365
32.000000;5.018497
32.100000;5.018447
32.200000;5.018561
32.300000;5.018344
32.400000;5.018386
32.500000;5.018511
32.600000;5.018546
32.700000;5.018474
32.800000;5.018451
32.900000;5.018470
33.000000;5.018491
33.100000;5.018407
33.200000;5.018474
33.300000;5.018462
33.400000;5.018458
33.500000;5.018404
33.600000;5.018422
33.700000;5.018523
33.800000;5.018445
33.900000;5.018474
34.000000;5.018382
34.100000;5.018544
34.200000;5.018515
34.300000;5.018469
34.400000;5.018480
34.500000;5.018426
34.600000;5.018571
34.700000;5.018360
34.800000;5.018408
34.900000;5.018442
35.000000;5.018519
35.100000;5.018449
35.200000;5.018552
35.300000;5.018427
35.400000;5.018367
35.500000;5.018623
35.600000;5.018519
35.700000;5.018415
35.800000;5.018524
35.900000;5.018429
36.000000;5.018526
36.100000;5.018379
36.200000;5.018451
36.300000;5.018384
36.400000;5.018451
36.500000;5.018439
36.600000;5.018547
36.700000;5.018344
36.800000;5.018542
36.900000;5.018477
37.000000;5.018432
37.100000;5.018411
37.200000;5.018188
37.300000;5.018561
37.400000;5.018437
37.500000;5.018513
37.600000;5.018558
37.700000;5.018395
37.800000;5.018557
37.900000;5.018360
38.000000;5.018396
38.100000;5.018585
38.200000;5.018357
38.300000;5.018507
38.400000;5.018520
38.500000;5.018444
38.600000;5.018491
38.700000;5.018402
38.800000;5.018421
38.900000;5.018606
39.000000;5.018379
39.100000;5.018463
39.200000;5.018607
39.300000;5.018350
39.400000;5.018491
39.500000;5.018399
39.600000;5.018575
39.700000;5.018117
39.800000;5.018543
39.900000;5.018292
40.000000;5.018503
40.100000;5.018495
40.200000;5.018411
40.300000;5.018560
40.400000;5.018390
40.500000;5.018541
40.600000;5.018476
40.700000;5.018455
40.800000;5.018405
40.900000;5.018410
41.000000;5.018314
41.100000;5.018690
41.200000;5.018271
41.300000;5.018552
41.400000;5.018529
41.500000;5.018469
41.600000;5.018434
41.700000;5.018498
41.800000;5.018405
41.900000;5.018489
42.000000;5.018452
42.100000;5.018411
42.200000;5.018479
42.300000;5.018310
42.400000;5.018357
42.500000;5.018537
42.600000;5.018587
42.700000;5.018384
42.800000;5.018512
42.900000;5.018506
43.000000;5.018325
43.100000;5.018620
43.200000;5.018394
43.300000;5.018427
43.400000;5.018597
43.500000;5.018490
43.600000;5.018504
43.700000;5.018487
43.800000;5.018423
43.900000;5.018500
44.000000;5.018372
44.100000;5.018576
44.200000;5.018425
44.300000;5.018464
44.400000;5.018448
44.500000;5.018355
44.600000;5.018520
44.700000;5.018402
44.800000;5.018524
44.900000;5.018511
45.000000;5.018450
45.100000;5.018465
45.200000;5.018441
45.300000;5.018355
45.400000;5.018491
45.500000;5.018408
45.600000;5.018668
45.700000;5.018336
45.800000;5.018497
45.900000;5.018429
46.000000;5.018617
46.100000;5.018499
46.200000;5.018432
46.300000;5.018471
46.400000;5.018453
46.500000;5.018478
46.600000;5.018349
46.700000;5.018452
46.800000;5.018410
46.900000;5.018020
47.000000;5.018601
47.100000;5.018256
47.200000;5.018454
47.300000;5.018539
47.400000;5.018584
47.500000;5.018399
47.600000;5.018519
47.700000;5.018513
47.800000;5.018417
47.900000;5.018417
48.000000;5.018549
48.100000;5.018393
48.200000;5.018518
48.300000;5.018455
48.400000;5.018381
48.500000;5.018491
48.600000;5.018419
48.700000;5.018335
48.800000;5.018513
48.900000;5.018577
49.000000;5.018429
49.100000;5.018450
49.200000;5.018398
49.300000;5.018472
49.400000;5.018479
49.500000;5.018439
49.600000;5.018521
49.700000;5.018389
49.800000;5.018391
49.900000;5.018639
50.000000;5.018397
50.100000;5.018347
50.200000;5.018482
50.300000;5.018561
50.400000;5.018572
50.500000;5.018499
50.600000;5.018528
50.700000;5.018494
50.800000;5.018431
50.900000;5.018403
51.000000;5.018533
51.100000;5.018363
51.200000;5.018415
51.300000;5.018414
51.400000;5.018481
51.500000;5.018512
51.600000;5.018580
51.700000;5.018655
51.800000;5.018569
51.900000;5.018470
52.000000;5.018429
52.100000;5.018347
52.200000;5.018542
52.300000;5.018327
52.400000;5.018429
52.500000;5.018563
52.600000;5.018514
52.700000;5.018429
52.800000;5.018408
52.900000;5.018421
53.000000;5.018693
53.100000;5.018290
53.200000;5.018546
53.300000;5.018605
53.400000;5.018363
53.500000;5.018635
53.600000;5.018389
53.700000;5.018464
53.800000;5.018428
53.900000;5.018530
54.000000;5.018355
54.100000;5.018522
54.200000;5.018433
54.300000;5.018502
54.400000;5.018383
54.500000;5.018549
54.600000;5.018422
54.700000;5.018522
54.800000;5.018441
54.900000;5.018525
55.000000;5.018383
55.100000;5.018494
55.200000;5.018497
55.300000;5.018462
55.400000;5.018506
55.500000;5.018448
55.600000;5.018436
55.700000;5.018434
55.800000;5.018523
55.900000;5.018333
56.000000;5.018375
56.100000;5.018509
56.200000;5.018371
56.300000;5.018435
56.400000;5.018498
56.500000;5.018576
56.600000;5.018456
56.700000;5.018546
56.800000;5.018449
56.900000;5.018491
57.000000;5.018381
57.100000;5.018414
57.200000;5.018377
57.300000;5.018453
57.400000;5.018504
57.500000;5.018343
57.600000;5.018508
57.700000;5.018440
57.800000;5.018472
57.900000;5.018488
58.000000;5.018441
58.100000;5.018519
58.200000;5.018447
58.300000;5.018407
58.400000;5.018381
58.500000;5.018705
58.600000;5.018547
58.700000;5.018448
58.800000;5.018457
58.900000;5.018483
59.000000;5.018417
59.100000;5.018495
59.200000;5.018440
59.300000;5.018513
59.400000;5.018469
59.500000;5.018430
59.600000;5.018563
59.700000;5.018265
59.800000;5.018471
59.900000;5.018459
60.000000;5.018409
60.100000;5.018459
60.200000;5.018460
60.300000;5.018454
60.400000;5.018469
60.500000;5.018237
60.600000;5.018556
60.700000;5.018448
60.800000;5.018471
60.900000;5.018496
61.000000;5.018294
61.100000;5.018539
61.200000;5.018341
61.300000;5.018598
61.400000;5.018251
61.500000;5.018584
61.600000;5.018403
61.700000;5.018378
61.800000;5.018342
61.900000;5.018479
62.000000;5.018424
62.100000;5.018544
62.200000;5.018510
62.300000;5.018478
62.400000;5.018333
62.500000;5.018623
62.600000;5.018214
62.700000;5.018498
62.800000;5.018487
62.900000;5.018540
63.000000;5.018431
63.100000;5.018618
63.200000;5.018329
63.300000;5.018498
63.400000;5.018425
63.500000;5.018534
63.600000;5.018417
63.700000;5.018662
63.800000;5.018428
63.900000;5.018514
64.000000;5.018484
64.100000;5.018443
64.200000;5.018454
64.300000;5.018353
64.400000;5.018582
64.500000;5.018418
64.600000;5.018444
64.700000;5.018457
64.800000;5.018514
64.900000;5.018553
65.000000;5.018452
65.100000;5.018503
65.200000;5.018469
65.300000;5.018431
65.400000;5.018575
65.500000;5.018248
65.600000;5.018623
65.700000;5.018322
65.800000;5.018494
65.900000;5.018435
66.000000;5.018486
66.100000;5.018436
66.200000;5.018439
66.300000;5.018458
66.400000;5.018441
66.500000;5.018469
66.600000;5.018446
66.700000;5.018391
66.800000;5.018476
66.900000;5.018395
67.000000;5.018561
67.100000;5.018494
67.200000;5.018444
67.300000;5.018504
67.400000;5.018393
67.500000;5.018165
67.600000;5.018514
67.700000;5.018427
67.800000;5.018483
67.900000;5.018327
68.000000;5.018560
68.100000;5.018446
68.200000;5.018495
68.300000;5.018495
68.400000;5.018319
68.500000;5.018488
68.600000;5.018503
68.700000;5.018460
68.800000;5.018478
68.900000;5.018474
69.000000;5.018438
69.100000;5.018441
69.200000;5.018430
69.300000;5.018530
69.400000;5.018322
69.500000;5.018493
69.600000;5.018447
69.700000;5.018589
69.800000;5.018391
69.900000;5.018445
70.000000;5.018427
70.100000;5.018489
70.200000;5.018484
70.300000;5.018479
70.400000;5.018460
70.500000;5.018455
70.600000;5.018444
70.700000;5.018392
70.800000;5.018546
70.900000;5.018334
71.000000;5.018437
71.100000;5.018480
71.200000;5.018533
71.300000;5.018422
71.400000;5.018648
71.500000;5.018422
71.600000;5.018377
71.700000;5.018353
71.800000;5.018687
71.900000;5.018390
72.000000;5.018517
72.100000;5.018482
72.200000;5.018381
72.300000;5.018734
72.400000;5.018339
72.500000;5.018427
72.600000;5.018477
72.700000;5.018461
72.800000;5.018482
72.900000;5.018548
73.000000;5.018476
73.100000;5.018493
73.200000;5.018472
73.300000;5.018468
73.400000;5.018498
73.500000;5.018443
73.600000;5.018235
73.700000;5.018496
73.800000;5.018551
73.900000;5.018435
74.000000;5.018550
74.100000;5.018447
74.200000;5.018508
74.300000;5.018442
74.400000;5.018525
74.500000;5.018508
74.600000;5.018413
74.700000;5.018558
74.800000;5.018428
74.900000;5.018456
75.000000;5.018451
75.100000;5.018386
75.200000;5.018416
75.300000;5.018376
75.400000;5.018480
75.500000;5.018411
75.600000;5.018525
75.700000;5.018528
75.800000;5.018447
75.900000;5.018426
76.000000;5.018400
76.100000;5.018595
76.200000;5.018407
76.300000;5.018505
76.400000;5.018511
76.500000;5.018427
76.600000;5.018394
76.700000;5.018396
76.800000;5.018398
76.900000;5.018496
77.000000;5.018618
77.100000;5.018404
77.200000;5.018480
77.300000;5.018455
77.400000;5.018520
77.500000;5.018366
77.600000;5.018504
77.700000;5.018466
77.800000;5.018402
77.900000;5.018490
78.000000;5.018411
78.100000;5.018437
78.200000;5.018557
78.300000;5.018330
78.400000;5.018453
78.500000;5.018454
78.600000;5.018463
78.700000;5.018497
78.800000;5.018489
78.900000;5.018443
79.000000;5.018562
79.100000;5.018399
79.200000;5.018484
79.300000;5.018455
79.400000;5.018489
79.500000;5.018254
79.600000;5.018462
79.700000;5.018572
79.800000;5.018278
79.900000;5.018461
80.000000;5.018391
80.100000;5.018868
80.200000;5.018345
80.300000;5.018508
80.400000;5.018440
80.500000;5.018710
80.600000;5.018392
80.700000;5.018489
80.800000;5.018436
80.900000;5.018509
81.000000;5.018364
81.100000;5.018451
81.200000;5.018581
81.300000;5.018404
81.400000;5.018518
81.500000;5.018433
81.600000;5.018379
81.700000;5.018511
81.800000;5.018440
81.900000;5.018446
82.000000;5.018512
82.100000;5.018420
82.200000;5.018591
82.300000;5.018359
82.400000;5.018372
82.500000;5.018521
82.600000;5.018170
82.700000;5.018728
82.800000;5.018492
82.900000;5.018512
83.000000;5.018445
83.100000;5.018338
83.200000;5.018648
83.300000;5.018393
83.400000;5.018537
83.500000;5.018459
83.600000;5.018488
83.700000;5.018404
83.800000;5.018460
83.900000;5.018391
84.000000;5.018499
84.100000;5.018501
84.200000;5.018617
84.300000;5.018401
84.400000;5.018424
84.500000;5.018507
84.600000;5.018449
84.700000;5.018386
84.800000;5.018462
84.900000;5.018582
85.000000;5.018391
85.100000;5.018493
85.200000;5.018482
85.300000;5.018439
85.400000;5.018434
85.500000;5.018361
85.600000;5.018447
85.700000;5.018389
85.800000;5.018547
85.900000;5.018513
86.000000;5.018463
86.100000;5.018453
86.200000;5.018418
86.300000;5.018425
86.400000;5.018462
86.500000;5.018519
86.600000;5.018393
86.700000;5.018442
86.800000;5.018427
86.900000;5.018460
87.000000;5.018469
87.100000;5.018521
87.200000;5.018372
87.300000;5.018506
87.400000;5.018463
87.500000;5.018403
87.600000;5.018395
87.700000;5.018577
87.800000;5.018486
87.900000;5.018653
88.000000;5.018349
88.100000;5.018549
88.200000;5.018371
88.300000;5.018493
88.400000;5.018414
88.500000;5.018469
88.600000;5.018637
88.700000;5.018175
88.800000;5.018516
88.900000;5.018514
89.000000;5.018490
89.100000;5.018431
89.200000;5.018409
89.300000;5.018310
89.400000;5.018532
89.500000;5.018438
89.600000;5.018525
89.700000;5.018382
89.800000;5.018454
89.900000;5.018422
90.000000;5.018450
90.100000;5.018504
90.200000;5.018524
90.300000;5.018463
90.400000;5.018555
90.500000;5.018467
90.600000;5.018484
90.700000;5.018460
90.800000;5.018448
90.900000;5.018426
91.000000;5.018451
91.100000;5.018473
91.200000;5.018382
91.300000;5.018462
91.400000;5.018502
91.500000;5.018287
91.600000;5.018566
91.700000;5.018384
91.800000;5.018354
91.900000;5.018691
92.000000;5.018509
92.100000;5.018521
92.200000;5.018483
92.300000;5.018412
92.400000;5.018409
92.500000;5.018481
92.600000;5.018467
92.700000;5.018378
92.800000;5.018382
92.900000;5.018447
93.000000;5.018452
93.100000;5.018454
93.200000;5.018508
93.300000;5.018526
93.400000;5.018487
93.500000;5.018458
93.600000;5.018496
93.700000;5.018449
93.800000;5.018442
93.900000;5.018449
94.000000;5.018358
94.100000;5.018518
94.200000;5.018212
94.300000;5.018513
94.400000;5.018380
94.500000;5.018543
94.600000;5.018449
94.700000;5.018518
94.800000;5.018515
94.900000;5.018478
95.000000;5.018487
95.100000;5.018472
95.200000;5.018448
95.300000;5.018432
95.400000;5.018439
95.500000;5.018473
95.600000;5.018437
95.700000;5.018293
95.800000;5.018626
95.900000;5.018262
96.000000;5.018442
96.100000;5.018441
96.200000;5.018473
96.300000;5.018488
96.400000;5.018564
96.500000;5.018478
96.600000;5.018493
96.700000;5.018454
96.800000;5.018449
96.900000;5.018481
97.000000;5.018430
97.100000;5.018450
97.200000;5.018371
97.300000;5.018578
97.400000;5.018116
97.500000;5.018580
97.600000;5.018356
97.700000;5.018507
97.800000;5.018427
97.900000;5.018376
98.000000;5.018636
98.100000;5.018201
98.200000;5.018619
98.300000;5.018482
98.400000;5.018478
98.500000;5.018484
98.600000;5.018221
98.700000;5.018410
98.800000;5.018705
98.900000;5.018290
99.000000;5.018583
99.100000;5.018424
99.200000;5.018423
99.300000;5.018464
99.400000;5.018359
99.500000;5.018494
99.600000;5.018479
99.700000;5.018532
99.800000;5.018487
99.900000;5.018482
