dt = 0.100000
Temps;Energie
0.000000;5.018461
0.100000;143.454375
0.200000;196.886595
0.300000;191.251699
0.400000;194.787158
0.500000;200.759778
0.600000;199.378204
0.700000;198.425043
0.800000;198.003447
0.900000;197.799207
1.000000;197.689856
1.100000;197.626361
1.200000;197.587040
1.300000;197.561401
1.400000;197.543965
1.500000;197.531690
1.600000;197.522794
1.700000;197.516188
1.800000;197.511179
1.900000;197.507312
2.000000;197.504281
2.100000;197.501873
2.200000;197.499937
2.300000;197.498363
2.400000;197.497073
2.500000;197.496005
2.600000;197.495116
2.700000;197.494369
2.800000;197.493739
2.900000;197.493204
3.000000;197.492747
3.100000;197.492354
3.200000;197.492017
3.300000;197.491724
3.400000;197.491470
3.500000;197.491248
3.600000;197.491054
3.700000;197.490884
3.800000;197.490733
3.900000;197.490601
4.000000;197.490483
4.100000;197.490379
4.200000;197.490286
4.300000;197.490203
4.400000;197.490128
4.500000;197.490062
4.600000;197.490002
4.700000;197.489948
4.800000;197.489899
4.900000;197.489855
5.000000;197.489815
5.100000;197.489779
5.200000;197.489746
5.300000;197.489716
5.400000;197.489689
5.500000;197.489664
5.600000;197.489641
5.700000;197.489620
5.800000;197.489601
5.900000;197.489584
6.000000;197.489567
6.100000;197.489553
6.200000;197.489539
6.300000;197.489526
6.400000;197.489515
6.500000;197.489504
6.600000;197.489494
6.700000;197.489485
6.800000;197.489476
6.900000;197.489468
7.000000;197.489461
7.100000;197.489454
7.200000;197.489447
7.300000;197.489441
7.400000;197.489436
7.500000;197.489431
7.600000;197.489426
7.700000;197.489421
7.800000;197.489417
7.900000;197.489413
8.000000;197.489409
8.100000;197.489406
8.200000;197.489403
8.300000;197.489400
8.400000;197.489397
8.500000;197.489394
8.600000;197.489391
8.700000;197.489389
8.800000;197.489387
8.900000;197.489385
9.000000;197.489383
9.100000;197.489381
9.200000;197.489379
9.300000;197.489377
9.400000;197.489376
9.500000;197.489374
9.600000;197.489373
9.700000;197.489372
9.800000;197.489370
9.900000;197.489369
10.000000;197.489368
10.100000;197.489367
10.200000;197.489366
10.300000;197.489365
10.400000;197.489364
10.500000;197.489363
10.600000;197.489362
10.700000;197.489362
10.800000;197.489361
10.900000;197.489360
11.000000;197.489360
11.100000;197.489359
11.200000;197.489358
11.300000;197.489358
11.400000;197.489357
11.500000;197.489357
11.600000;197.489356
11.700000;197.489356
11.800000;197.489355
11.900000;197.489355
12.000000;197.489354
12.100000;197.489354
12.200000;197.489354
12.300000;197.489353
12.400000;197.489353
12.500000;197.489353
12.600000;197.489352
12.700000;197.489352
12.800000;197.489352
12.900000;197.489351
13.000000;197.489351
13.100000;197.489351
13.200000;197.489351
13.300000;197.489350
13.400000;197.489350
13.500000;197.489350
13.600000;197.489350
13.700000;197.489350
13.800000;197.489349
13.900000;197.489349
14.000000;197.489349
14.100000;197.489349
14.200000;197.489349
14.300000;197.489349
14.400000;197.489349
14.500000;197.489348
14.600000;197.489348
14.700000;197.489348
14.800000;197.489348
14.900000;197.489348
15.000000;197.489348
15.100000;197.489348
15.200000;197.489348
15.300000;197.489347
15.400000;197.489347
15.500000;197.489347
15.600000;197.489347
15.700000;197.489347
15.800000;197.489347
15.900000;197.489347
16.000000;197.489347
16.100000;197.489347
16.200000;197.489347
16.300000;197.489347
16.400000;197.489347
16.500000;197.489347
16.600000;197.489346
16.700000;197.489346
16.800000;197.489346
16.900000;197.489346
17.000000;197.489346
17.100000;197.489346
17.200000;197.489346
17.300000;197.489346
17.400000;197.489346
17.500000;197.489346
17.600000;197.489346
17.700000;197.489346
17.800000;197.489346
17.900000;197.489346
18.000000;197.489346
18.100000;197.489346
18.200000;197.489346
18.300000;197.489346
18.400000;197.489346
18.500000;197.489346
18.600000;197.489346
18.700000;197.489346
18.800000;197.489346
18.900000;197.489345
19.000000;197.489345
19.100000;197.489345
19.200000;197.489345
19.300000;197.489345
19.400000;197.489345
19.500000;197.489345
19.600000;197.489345
19.700000;197.489345
19.800000;197.489345
19.900000;197.489345
20.000000;197.489345
20.100000;197.489345
20.200000;197.489345
20.300000;197.489345
20.400000;197.489345
20.500000;197.489345
20.600000;197.489345
20.700000;197.489345
20.800000;197.489345
20.900000;197.489345
21.000000;197.489345
21.100000;197.489345
21.200000;197.489345
21.300000;197.489345
21.400000;197.489345
21.500000;197.489345
21.600000;197.489345
21.700000;197.489345
21.800000;197.489345
21.900000;197.489345
22.000000;197.489345
22.100000;197.489345
22.200000;197.489345
22.300000;197.489345
22.400000;197.489345
22.500000;197.489345
22.600000;197.489345
22.700000;197.489345
22.800000;197.489345
22.900000;197.489345
23.000000;197.489345
23.100000;197.489345
23.200000;197.489345
23.300000;197.489345
23.400000;197.489345
23.500000;197.489345
23.600000;197.489345
23.700000;197.489345
23.800000;197.489345
23.900000;197.489345
24.000000;197.489345
24.100000;197.489345
24.200000;197.489345
24.300000;197.489345
24.400000;197.489345
24.500000;197.489345
24.600000;197.489345
24.700000;197.489345
24.800000;197.489345
24.900000;197.489345
25.000000;197.489345
25.100000;197.489345
25.200000;197.489345
25.300000;197.489345
25.400000;197.489345
25.500000;197.489345
25.600000;197.489345
25.700000;197.489345
25.800000;197.489345
25.900000;197.489345
26.000000;197.489345
26.100000;197.489345
26.200000;197.489345
26.300000;197.489345
26.400000;197.489345
26.500000;197.489345
26.600000;197.489345
26.700000;197.489345
26.800000;197.489345
26.900000;197.489345
27.000000;197.489345
27.100000;197.489345
27.200000;197.489345
27.300000;197.489345
27.400000;197.489345
27.500000;197.489345
27.600000;197.489345
27.700000;197.489345
27.800000;197.489345
27.900000;197.489345
28.000000;197.489345
28.100000;197.489345
28.200000;197.489345
28.300000;197.489345
28.400000;197.489345
28.500000;197.489345
28.600000;197.489345
28.700000;197.489345
28.800000;197.489345
28.900000;197.489345
29.000000;197.489345
29.100000;197.489345
29.200000;197.489345
29.300000;197.489345
29.400000;197.489345
29.500000;197.489345
29.600000;197.489345
29.700000;197.489345
29.800000;197.489345
29.900000;197.489345
30.000000;197.489345
30.100000;197.489345
30.200000;197.489345
30.300000;197.489345
30.400000;197.489345
30.500000;197.489345
30.600000;197.489345
30.700000;197.489345
30.800000;197.489345
30.900000;197.489345
31.000000;197.489345
31.100000;197.489345
31.200000;197.489345
31.300000;197.489345
31.400000;197.489345
31.500000;197.489345
31.600000;197.489345
31.700000;197.489345
31.800000;197.489345
31.900000;197.489345
32.000000;197.489345
32.100000;197.489345
32.200000;197.489345
32.300000;197.489345
32.400000;197.489345
32.500000;197.489345
32.600000;197.489345
32.700000;197.489345
32.800000;197.489345
32.900000;197.489345
33.000000;197.489345
33.100000;197.489345
33.200000;197.489345
33.300000;197.489345
33.400000;197.489345
33.500000;197.489345
33.600000;197.489345
33.700000;197.489345
33.800000;197.489345
33.900000;197.489345
34.000000;197.489345
34.100000;197.489345
34.200000;197.489345
34.300000;197.489345
34.400000;197.489345
34.500000;197.489345
34.600000;197.489345
34.700000;197.489345
34.800000;197.489345
34.900000;197.489345
35.000000;197.489345
35.100000;197.489345
35.200000;197.489345
35.300000;197.489345
35.400000;197.489345
35.500000;197.489345
35.600000;197.489345
35.700000;197.489345
35.800000;197.489345
35.900000;197.489345
36.000000;197.489345
36.100000;197.489345
36.200000;197.489345
36.300000;197.489345
36.400000;197.489345
36.500000;197.489345
36.600000;197.489345
36.700000;197.489345
36.800000;197.489345
36.900000;197.489345
37.000000;197.489345
37.100000;197.489345
37.200000;197.489345
37.300000;197.489345
37.400000;197.489345
37.500000;197.489345
37.600000;197.489345
37.700000;197.489345
37.800000;197.489345
37.900000;197.489345
38.000000;197.489345
38.100000;197.489345
38.200000;197.489345
38.300000;197.489345
38.400000;197.489345
38.500000;197.489345
38.600000;197.489345
38.700000;197.489345
38.800000;197.489345
38.900000;197.489345
39.000000;197.489345
39.100000;197.489345
39.200000;197.489345
39.300000;197.489345
39.400000;197.489345
39.500000;197.489345
39.600000;197.489345
39.700000;197.489345
39.800000;197.489345
39.900000;197.489345
40.000000;197.489345
40.100000;197.489345
40.200000;197.489345
40.300000;197.489345
40.400000;197.489345
40.500000;197.489345
40.600000;197.489345
40.700000;197.489345
40.800000;197.489345
40.900000;197.489345
41.000000;197.489345
41.100000;197.489345
41.200000;197.489345
41.300000;197.489345
41.400000;197.489345
41.500000;197.489345
41.600000;197.489345
41.700000;197.489345
41.800000;197.489345
41.900000;197.489345
42.000000;197.489345
42.100000;197.489345
42.200000;197.489345
42.300000;197.489345
42.400000;197.489345
42.500000;197.489345
42.600000;197.489345
42.700000;197.489345
42.800000;197.489345
42.900000;197.489345
43.000000;197.489345
43.100000;197.489345
43.200000;197.489345
43.300000;197.489345
43.400000;197.489345
43.500000;197.489345
43.600000;197.489345
43.700000;197.489345
43.800000;197.489345
43.900000;197.489345
44.000000;197.489345
44.100000;197.489345
44.200000;197.489345
44.300000;197.489345
44.400000;197.489345
44.500000;197.489345
44.600000;197.489345
44.700000;197.489345
44.800000;197.489345
44.900000;197.489345
45.000000;197.489345
45.100000;197.489345
45.200000;197.489345
45.300000;197.489345
45.400000;197.489345
45.500000;197.489345
45.600000;197.489345
45.700000;197.489345
45.800000;197.489345
45.900000;197.489345
46.000000;197.489345
46.100000;197.489345
46.200000;197.489345
46.300000;197.489345
46.400000;197.489345
46.500000;197.489345
46.600000;197.489345
46.700000;197.489345
46.800000;197.489345
46.900000;197.489345
47.000000;197.489345
47.100000;197.489345
47.200000;197.489345
47.300000;197.489345
47.400000;197.489345
47.500000;197.489345
47.600000;197.489345
47.700000;197.489345
47.800000;197.489345
47.900000;197.489345
48.000000;197.489345
48.100000;197.489345
48.200000;197.489345
48.300000;197.489345
48.400000;197.489345
48.500000;197.489345
48.600000;197.489345
48.700000;197.489345
48.800000;197.489345
48.900000;197.489345
49.000000;197.489345
49.100000;197.489345
49.200000;197.489345
49.300000;197.489345
49.400000;197.489345
49.500000;197.489345
49.600000;197.489345
49.700000;197.489345
49.800000;197.489345
49.900000;197.489345
50.000000;197.489345
50.100000;197.489345
50.200000;197.489345
50.300000;197.489345
50.400000;197.489345
50.500000;197.489345
50.600000;197.489345
50.700000;197.489345
50.800000;197.489345
50.900000;197.489345
51.000000;197.489345
51.100000;197.489345
51.200000;197.489345
51.300000;197.489345
51.400000;197.489345
51.500000;197.489345
51.600000;197.489345
51.700000;197.489345
51.800000;197.489345
51.900000;197.489345
52.000000;197.489345
52.100000;197.489345
52.200000;197.489345
52.300000;197.489345
52.400000;197.489345
52.500000;197.489345
52.600000;197.489345
52.700000;197.489345
52.800000;197.489345
52.900000;197.489345
53.000000;197.489345
53.100000;197.489345
53.200000;197.489345
53.300000;197.489345
53.400000;197.489345
53.500000;197.489345
53.600000;197.489345
53.700000;197.489345
53.800000;197.489345
53.900000;197.489345
54.000000;197.489345
54.100000;197.489345
54.200000;197.489345
54.300000;197.489345
54.400000;197.489345
54.500000;197.489345
54.600000;197.489345
54.700000;197.489345
54.800000;197.489345
54.900000;197.489345
55.000000;197.489345
55.100000;197.489345
55.200000;197.489345
55.300000;197.489345
55.400000;197.489345
55.500000;197.489345
55.600000;197.489345
55.700000;197.489345
55.800000;197.489345
55.900000;197.489345
56.000000;197.489345
56.100000;197.489345
56.200000;197.489345
56.300000;197.489345
56.400000;197.489345
56.500000;197.489345
56.600000;197.489345
56.700000;197.489345
56.800000;197.489345
56.900000;197.489345
57.000000;197.489345
57.100000;197.489345
57.200000;197.489345
57.300000;197.489345
57.400000;197.489345
57.500000;197.489345
57.600000;197.489345
57.700000;197.489345
57.800000;197.489345
57.900000;197.489345
58.000000;197.489345
58.100000;197.489345
58.200000;197.489345
58.300000;197.489345
58.400000;197.489345
58.500000;197.489345
58.600000;197.489345
58.700000;197.489345
58.800000;197.489345
58.900000;197.489345
59.000000;197.489345
59.100000;197.489345
59.200000;197.489345
59.300000;197.489345
59.400000;197.489345
59.500000;197.489345
59.600000;197.489345
59.700000;197.489345
59.800000;197.489345
59.900000;197.489345
60.000000;197.489345
60.100000;197.489345
60.200000;197.489345
60.300000;197.489345
60.400000;197.489345
60.500000;197.489345
60.600000;197.489345
60.700000;197.489345
60.800000;197.489345
60.900000;197.489345
61.000000;197.489345
61.100000;197.489345
61.200000;197.489345
61.300000;197.489345
61.400000;197.489345
61.500000;197.489345
61.600000;197.489345
61.700000;197.489345
61.800000;197.489345
61.900000;197.489345
62.000000;197.489345
62.100000;197.489345
62.200000;197.489345
62.300000;197.489345
62.400000;197.489345
62.500000;197.489345
62.600000;197.489345
62.700000;197.489345
62.800000;197.489345
62.900000;197.489345
63.000000;197.489345
63.100000;197.489345
63.200000;197.489345
63.300000;197.489345
63.400000;197.489345
63.500000;197.489345
63.600000;197.489345
63.700000;197.489345
63.800000;197.489345
63.900000;197.489345
64.000000;197.489345
64.100000;197.489345
64.200000;197.489345
64.300000;197.489345
64.400000;197.489345
64.500000;197.489345
64.600000;197.489345
64.700000;197.489345
64.800000;197.489345
64.900000;197.489345
65.000000;197.489345
65.100000;197.489345
65.200000;197.489345
65.300000;197.489345
65.400000;197.489345
65.500000;197.489345
65.600000;197.489345
65.700000;197.489345
65.800000;197.489345
65.900000;197.489345
66.000000;197.489345
66.100000;197.489345
66.200000;197.489345
66.300000;197.489345
66.400000;197.489345
66.500000;197.489345
66.600000;197.489345
66.700000;197.489345
66.800000;197.489345
66.900000;197.489345
67.000000;197.489345
67.100000;197.489345
67.200000;197.489345
67.300000;197.489345
67.400000;197.489345
67.500000;197.489345
67.600000;197.489345
67.700000;197.489345
67.800000;197.489345
67.900000;197.489345
68.000000;197.489345
68.100000;197.489345
68.200000;197.489345
68.300000;197.489345
68.400000;197.489345
68.500000;197.489345
68.600000;197.489345
68.700000;197.489345
68.800000;197.489345
68.900000;197.489345
69.000000;197.489345
69.100000;197.489345
69.200000;197.489345
69.300000;197.489345
69.400000;197.489345
69.500000;197.489345
69.600000;197.489345
69.700000;197.489345
69.800000;197.489345
69.900000;197.489345
70.000000;197.489345
70.100000;197.489345
70.200000;197.489345
70.300000;197.489345
70.400000;197.489345
70.500000;197.489345
70.600000;197.489345
70.700000;197.489345
70.800000;197.489345
70.900000;197.489345
71.000000;197.489345
71.100000;197.489345
71.200000;197.489345
71.300000;197.489345
71.400000;197.489345
71.500000;197.489345
71.600000;197.489345
71.700000;197.489345
71.800000;197.489345
71.900000;197.489345
72.000000;197.489345
72.100000;197.489345
72.200000;197.489345
72.300000;197.489345
72.400000;197.489345
72.500000;197.489345
72.600000;197.489345
72.700000;197.489345
72.800000;197.489345
72.900000;197.489345
73.000000;197.489345
73.100000;197.489345
73.200000;197.489345
73.300000;197.489345
73.400000;197.489345
73.500000;197.489345
73.600000;197.489345
73.700000;197.489345
73.800000;197.489345
73.900000;197.489345
74.000000;197.489345
74.100000;197.489345
74.200000;197.489345
74.300000;197.489345
74.400000;197.489345
74.500000;197.489345
74.600000;197.489345
74.700000;197.489345
74.800000;197.489345
74.900000;197.489345
75.000000;197.489345
75.100000;197.489345
75.200000;197.489345
75.300000;197.489345
75.400000;197.489345
75.500000;197.489345
75.600000;197.489345
75.700000;197.489345
75.800000;197.489345
75.900000;197.489345
76.000000;197.489345
76.100000;197.489345
76.200000;197.489345
76.300000;197.489345
76.400000;197.489345
76.500000;197.489345
76.600000;197.489345
76.700000;197.489345
76.800000;197.489345
76.900000;197.489345
77.000000;197.489345
77.100000;197.489345
77.200000;197.489345
77.300000;197.489345
77.400000;197.489345
77.500000;197.489345
77.600000;197.489345
77.700000;197.489345
77.800000;197.489345
77.900000;197.489345
78.000000;197.489345
78.100000;197.489345
78.200000;197.489345
78.300000;197.489345
78.400000;197.489345
78.500000;197.489345
78.600000;197.489345
78.700000;197.489345
78.800000;197.489345
78.900000;197.489345
79.000000;197.489345
79.100000;197.489345
79.200000;197.489345
79.300000;197.489345
79.400000;197.489345
79.500000;197.489345
79.600000;197.489345
79.700000;197.489345
79.800000;197.489345
79.900000;197.489345
80.000000;197.489345
80.100000;197.489345
80.200000;197.489345
80.300000;197.489345
80.400000;197.489345
80.500000;197.489345
80.600000;197.489345
80.700000;197.489345
80.800000;197.489345
80.900000;197.489345
81.000000;197.489345
81.100000;197.489345
81.200000;197.489345
81.300000;197.489345
81.400000;197.489345
81.500000;197.489345
81.600000;197.489345
81.700000;197.489345
81.800000;197.489345
81.900000;197.489345
82.000000;197.489345
82.100000;197.489345
82.200000;197.489345
82.300000;197.489345
82.400000;197.489345
82.500000;197.489345
82.600000;197.489345
82.700000;197.489345
82.800000;197.489345
82.900000;197.489345
83.000000;197.489345
83.100000;197.489345
83.200000;197.489345
83.300000;197.489345
83.400000;197.489345
83.500000;197.489345
83.600000;197.489345
83.700000;197.489345
83.800000;197.489345
83.900000;197.489345
84.000000;197.489345
84.100000;197.489345
84.200000;197.489345
84.300000;197.489345
84.400000;197.489345
84.500000;197.489345
84.600000;197.489345
84.700000;197.489345
84.800000;197.489345
84.900000;197.489345
85.000000;197.489345
85.100000;197.489345
85.200000;197.489345
85.300000;197.489345
85.400000;197.489345
85.500000;197.489345
85.600000;197.489345
85.700000;197.489345
85.800000;197.489345
85.900000;197.489345
86.000000;197.489345
86.100000;197.489345
86.200000;197.489345
86.300000;197.489345
86.400000;197.489345
86.500000;197.489345
86.600000;197.489345
86.700000;197.489345
86.800000;197.489345
86.900000;197.489345
87.000000;197.489345
87.100000;197.489345
87.200000;197.489345
87.300000;197.489345
87.400000;197.489345
87.500000;197.489345
87.600000;197.489345
87.700000;197.489345
87.800000;197.489345
87.900000;197.489345
88.000000;197.489345
88.100000;197.489345
88.200000;197.489345
88.300000;197.489345
88.400000;197.489345
88.500000;197.489345
88.600000;197.489345
88.700000;197.489345
88.800000;197.489345
88.900000;197.489345
89.000000;197.489345
89.100000;197.489345
89.200000;197.489345
89.300000;197.489345
89.400000;197.489345
89.500000;197.489345
89.600000;197.489345
89.700000;197.489345
89.800000;197.489345
89.900000;197.489345
90.000000;197.489345
90.100000;197.489345
90.200000;197.489345
90.300000;197.489345
90.400000;197.489345
90.500000;197.489345
90.600000;197.489345
90.700000;197.489345
90.800000;197.489345
90.900000;197.489345
91.000000;197.489345
91.100000;197.489345
91.200000;197.489345
91.300000;197.489345
91.400000;197.489345
91.500000;197.489345
91.600000;197.489345
91.700000;197.489345
91.800000;197.489345
91.900000;197.489345
92.000000;197.489345
92.100000;197.489345
92.200000;197.489345
92.300000;197.489345
92.400000;197.489345
92.500000;197.489345
92.600000;197.489345
92.700000;197.489345
92.800000;197.489345
92.900000;197.489345
93.000000;197.489345
93.100000;197.489345
93.200000;197.489345
93.300000;197.489345
93.400000;197.489345
93.500000;197.489345
93.600000;197.489345
93.700000;197.489345
93.800000;197.489345
93.900000;197.489345
94.000000;197.489345
94.100000;197.489345
94.200000;197.489345
94.300000;197.489345
94.400000;197.489345
94.500000;197.489345
94.600000;197.489345
94.700000;197.489345
94.800000;197.489345
94.900000;197.489345
95.000000;197.489345
95.100000;197.489345
95.200000;197.489345
95.300000;197.489345
95.400000;197.489345
95.500000;197.489345
95.600000;197.489345
95.700000;197.489345
95.800000;197.489345
95.900000;197.489345
96.000000;197.489345
96.100000;197.489345
96.200000;197.489345
96.300000;197.489345
96.400000;197.489345
96.500000;197.489345
96.600000;197.489345
96.700000;197.489345
96.800000;197.489345
96.900000;197.489345
97.000000;197.489345
97.100000;197.489345
97.200000;197.489345
97.300000;197.489345
97.400000;197.489345
97.500000;197.489345
97.600000;197.489345
97.700000;197.489345
97.800000;197.489345
97.900000;197.489345
98.000000;197.489345
98.100000;197.489345
98.200000;197.489345
98.300000;197.489345
98.400000;197.489345
98.500000;197.489345
98.600000;197.489345
98.700000;197.489345
98.800000;197.489345
98.900000;197.489345
99.000000;197.489345
99.100000;197.489345
99.200000;197.489345
99.300000;197.489345
99.400000;197.489345
99.500000;197.489345
99.600000;197.489345
99.700000;197.489345
99.800000;197.489345
99.900000;197.489345
100.000000;197.489345
